# Created by Octave 4.2.1, Wed Mar 29 14:12:26 2017 KST <yagitatsuya@air.local>
# name: A
# type: matrix
# rows: 3
# columns: 3
 8 1 6
 3 5 7
 4 9 2


# name: B
# type: matrix
# rows: 3
# columns: 2
 11 12
 13 14
 15 16


# name: C
# type: matrix
# rows: 2
# columns: 2
 1 1
 2 2


# name: X
# type: matrix
# rows: 2
# columns: 2
 4 3
 1 2


# name: a
# type: matrix
# rows: 1
# columns: 4
 1 15 2 0.5


# name: ans
# type: matrix
# rows: 3
# columns: 3
 1.000000000000006 -1.232347557333924e-14 6.661338147750939e-15
 -6.938893903907228e-17 0.9999999999999999 2.220446049250313e-16
 -5.856426454897701e-15 1.243449787580175e-14 0.9999999999999936


# name: c
# type: lazy_index
# name: index_value
# type: matrix
# rows: 3
# columns: 1
 1
 2
 3




# name: ind
# type: scalar
2


# name: r
# type: lazy_index
# name: index_value
# type: matrix
# rows: 3
# columns: 1
 1
 3
 2




# name: temp
# type: matrix
# rows: 3
# columns: 3
 0.1472222222222227 -0.1444444444444455 0.06388888888888941
 -0.06111111111111209 0.02222222222222429 0.1055555555555545
 -0.01944444444444397 0.1888888888888878 -0.1027777777777772


# name: v
# type: matrix
# rows: 3
# columns: 1
 1
 2
 3


# name: val
# type: scalar
15


