# Created by Octave 4.2.1, Wed Mar 29 13:23:27 2017 KST <yagitatsuya@air.local>
# name: v
# type: matrix
# rows: 10
# columns: 1
 269
 395
 181
 398
 121
 258
 345
 123
 430
 323


